1151
διπηιρίιιδ, ῐ, 565, 795.
ξιρηωεκηὶιω, 1, 905, 1009. ll, 477.
ξιρρζιίυιᾳξ -Βςίᾴωιξῃίῳηξι -ᾴςπνὸῂὺιζι, 1, 7144, 184, 249 ,
’ υειυι
9g. 657, 640, 611, 017, 859, 889, 879, 709, 710, 719, 771,
θθξ. Ἦν θᾟῗὲἒρζῗ
,ςαῑεεηιε 1.· 591. 11. 879, 791.ἓὲἣεὲξῖι-ἓθξδὲὲἓξϐἐὲδὲμεὶϐῖ. 9763990.,991 995. 1001- 1ιὲ
1008. Π. 196. 197, 505. 504. 512. 590. 501. 595. 402. 408.
ν ἆξὸζ
ξῃιὺιινθὶῃε, I1, 595, 559, 769.
ξῃηεεζιυδηιῐ, 441, 610, 6%.
Τ
Tabula III. Ῑ, 779. ΙΙ, 428.
655 683, 752, 759.Ἰτανσιιὶιὶω. 1.116
ωξξξῗίξζίἣὲᾣῗθίδοδῗῗὲδ, 181, 919, 955, 979, 406, 109.
7911111181, 116. 189, 905, 248, 999, 51,9 551. 515,
11,ί25. 27, 308,211, 591έ414ρ109, 329.1512,
Τενιαιιὶωιηε, ῐ, 122, 124, 155, 154, 160, 161. 166, 181,
994, 591, 527, 555, 551, 556. 510, 106, 110, 118, 117. 199,
578, 579, 582. 590. 591, 599, 800, 602, 805, 818, 855, 875,
985, 681. 696, 705, 707. 708, 710, 719, 715, 716, 725, 798,
ζ’(ιιιζῑωδ, 509.11, 610.
ζζιιιιηζιιᾷ ιιίςζοσρίίιηιξςαῃιιε, ῐ, 1006. 11, 455.
Themislins. Ιῐ. 475, 477.
517. 516. 917. 667. 328.570.591.127. 166179. 617. 521.
ᾗέζρδεὶξρὀρξρἑῆζ ἱόὀὲῖῑὸἱὲῗῑί.”9ζ’55,’18ζ”19,”89ζ
ὀ Velselus, ῐῙ, 501. 511.

81817111 11211111111111.1159, 205.257, 381, 708, 709. 992,
916. 11, 199, 19.5, 102, 101,167, 190,191,501, ⁷508, 522,515. 565. 6‘16
ἐξ, 889, 899, 910, 911.11, 101, 161,185,191; 197, 498,
mining/1661,11, 463.
δδξιοὲςω, 1,155, 278, 506, 520, 555, 599, 105, 112, 190,
διειροηε, 131,118, 161, 171, 178, 216, 225,229,257
2.7.5. 2.811 3.61, 166. 195, 176⁷ 181.551.561.021,
668, 777, 788, 787, 8:16, 897', 898, 901, 900'. 908, 910, 990,
915, 950, 955. -951, 917. Α _1_1_,' 51, 118, '101, 106, '155,’ 115,
117_. 191, 557, 576, 577,
SlradmodaviuS), ll, 565, 528.
311619111118“,_1_8[, 199. 205 ν, 250 , 272, 292, 522. 540,
109, 161, 551, 705, 712, 717. 902, 991, 951, 918. 999,
11,50,197, 199, 501. 506, 561. 581, 596. 599, '109, 159,
1.7.3.. 1751781116. sos. 611119, 516. 512520.522.
5.213.512.1517. 50. 568; 578; 1102; 623.621.1621;
81191881, 119, 155. 157, 162, 219. 288, 561. 555, 618.
717, 769, 885, 891. 892, 899, 905, 908, 907. 908', 910,
99,111, 516, 511,555, '565. '175. '179. $187,191, 191,
105, 520, 521. 529, 551. 559, 551, 552. 555, 587.
Sulpicius Severtis. 1, 524, 550, 783. 956, 939, 960, 967,849, 615; 611, 651, 675, 676, 760,762, 785, 781.
9111619111. 1.; 157. 15; 221. 181. 511.907.9111.
975: 11, 508. 505,108. 109,110,121.
8111161113,]. 725.
Syrus Interpres. Ι, 11, 393, 504.
711511.714,111,_156.115, 161, 195. 950, 585. 575,100 ,
161,172, 505, 517.659. 580, 588, 772, 892, 896, 902. 908,
11,15,15, 195,257, 501, 529. 550, 555,557,555, 561,
561759130171ffﬁfléiﬁéi‘ﬁbﬂ‘ibfké.763. 1'65,
£99.11; 508, 519, 599, 552, 512, 566, 622, 621, 627, 651,
1_'aubm_annus, II. 607, 696.
557, 109,152,159. 5'76. 678, 585, 625, 759, 819,896,
5'36, 3113,8ξί9, 681, 718,759,711, 765,771,782, 797,
188. 191, 201', 208, 215.216, 217." 220'. 226. 210, 252,
ἑνῇξὶ 531ξέ @3133515367239f262,“276.379.3115. ἱεῖξί
112; 116: 16:2; 1111:1117: 171. 171⁷ 17τὲ 18.94 168. δοίν ⁵9δὲ
598. 510, 511. 515, 517, 528. 552, 555'. 549, 588, 575, 577,
752. 777, 778, 781. 787, 788'. 801, 802'. 815'. 887, 895. 899,
999. 991. 906. 999. 916. 912. 915.911.1121. 922. 921. 926;
935. 956. 957. 958. 938, 910. 912. 951, 960. 901, 965, 965,
967. 96'}. 989, 970,97 _1, 979. 971, 975, 988. 987, 988. 989,
992,_005,998,1_007,_ 1009, 1011,1012, 1011. 1'1. 10, 16,
25.79.. 196. 210. 1755111666. 589. 523.595;
598, 101. 105, 108,120.122,125. 151,159. 175; 176, 181,
191. 199. 500, 505, 555,517, 518. 565. 595, 597, 801, 602,
9'}? ‘39?» £515: §'_Z~“_1f’~5i29. 6³1. (³⁵5. 656. 667. 670. 680.
705.706. 755. 717, 798. 806.
[{zeocrilgls. 1_. 162, 458. ll. 551.
17190ςοὶιὲ Sclaoliasies, Ι. 333. II, 550. 551.
τὴᾳοάοτειειε. 1.119.120.118, 156.171. 177, 192, 208,
658, 731. 790, 891. 906. 911, 925, 928', 951.952, 957, 951,
1.-95, 115. 21_0, 558. 105,618, 870, 671.
Theodorus Cantarus, 1,1319.
Velutellius, 1, 988, 991.
