1151
311111111 (ιιαρίιιιιιεω, 159, 205, 257, 591, 708, 709. 992,
Slvnwe 111115, 1, 903, 1009. 11, 177.
ξιειρξιίιιιιις 831511111111115. ,11, ιιυ Urbibus. 1, 111, 181, <219,
6 33106111311, 1, 155, 276, 506, 529, 555, 599, 105, 112, 1211,γ 'J ’
117. 191, 557, 576, 577, 655.
Suelonius, 1 , 181. 199. 205 , 250 , 272 , 292, 522, 510,
588, 109, 161. 551, 703, 712, 717, 9112, 921, 951, 918, 999,
529, 576, ,2, 517, 5:10, 5115, 51111, 5711, 602, 627, 1121211211,
652, 1157, 1110.11.11. 1117, 11:19, 669, 679, 709, 719, 712, 771ζ
διψῶ-115, 1.521. 11. 679, 721.
διιίιιιις, l. 119, 1531’. 157, 1112, 219. 298, 561. 353, 618,
122, 125, .123, 175, 505, 5-17, 11119, 621, 622, 625,629, 650,
97ἲ1 11, 508¹ 5 ¹5, 108, 109. 110, 121.
εψιεινιιιιδ, 11, 111, 1110, 628.
Ταείιτιδ. 1, 111, 156. 115, 161, 195. 250, 565, 575, 100 ,
161, 172, 505, 517. 559. 560, 772, 892, 896, 902, 908ξ
11, 15, 45, 195, 257, 501, 529. 550, 555ζ557, 5715, 561,
581, 591, Δ101 411, 117, 121 127. 4‘19, 410, 4118, 468, 185,
190,1 7, 509, 519, 552, 512, 51111, 1122; 621, 627, 651,
655, 685, 752, 759.
Τίηῖιηιιξ, 1, 120, 1511,1511, 161, 219, 255, 272, 106, 1011,
1ξ8, 7191, 2111,2011. 215216, 217, 220,226,210. 252,
255, 251, 215, 215, 250, 256, 259, 262, 270, 279, 285, 292,
291, 521, 527, 555, 551, 556. 5111, 1116', 110'. 116, 117. 122,
752. 777, 778, 791, 7117, 788. 301; 1102, 615, 337. 895. 899,
99!). 901, 906, 909, 910, 91‘2. 915.911, 921, 922, 9⁸21, 926,
935. 936. 957, 978. 959, 910. 912, 951, 960. 961, 965, 963,
9117, 961, 9695795171, 972, 971, 975. 986. 987, 988. 989,
992, 995, 998, 1007, 1009, 1011:1012, 1011. ῘΙ. 10, 16,
51, 76, 115, 66, 196, 198, 210.255.501.501599, 595⁷595,
596, 101. 405, 108, 120. 122, 1⁸2ἳὶ. 151,1Γὶ9, 175. 176, 181,
ζζιηιιηιαι Ηίξνοεοιξιηιίιαιιιιδ, 1, 1006. 11, 135.
Theodorelus, l. 119, 120. 118, 156. 171. 177, 192, 208,
215, 215, 217, 597, 528,370, 591, 127, 166, 172. 517, 521,
6758. 7711, 790, 891, 996. 911, 925,9Ξ².Β, 951.932, 957, 955,
1. 93. 113. 210, 558, 105, 618, 670, 671.
Γριιιιρηίιικ, 1, 988, 991.

Slanleius, 1, 5671, 793.
9111.11, 19:, 195,.102,101,1117, 190, 191, 5111, 5011, 522,51:1. 5115, 11111
777, 889, 592. 9111, 911. 11, 1111, .1111, 18:1, 1191, 197.1911,
I15: τε
Slillingﬂeet, Il, 167.
51111110,}, 151, 1111, 1111, 171, 1711, 216, 22:1. 229. 257
2111, 2119. 27:1. 266, 5111', 106, 125.1211, 1111, 551. 561 , 621,
0011, 777, 7110, 787. 3‘10, 897, 1198, 901, 9011', 905, 910', 9211',
915, 9511, 955. 951. 917. 11, :11, 1111,1111,100,’155, 11:1,
Slradu 101111111115), Η, 509, 552%.
ll. 56. 1117, 199, 501, 3011.501. 581.3110. 599.1111. 159.
1117.175. 175. 1711. 1311, 51111, 511, 512, 516, 519, 5-211. 522,
779 7111, 792, 620.
717, 769, 8115, H90, 1191, 812, 1199,1105, 906, 9117, 9115', 910,
921,957, 913, 910', 952, 967, 9711', 990, 992, 995, 10111. 11',
911. 111.5111, 511,551,505. 565,’175. 179.1117, .191, 191,
19:1, 5211, 521. 529, 551. 579, 551, 5'12. 5:15, 5117.
511111111111 δελεντ-ης. 1, 521. 550, 783, 9511, 959, 9110, 967,
1008.11. 1911. 197, 505, 5111, 512, 590, 591⁷,5ι15’, 1112; 11111;
1112,1115, 1111, 1151. 675, 676. 71111, 7112, 711:1, 781.
S/lburyius, ll, 311:1, 559, 7119.
51111111710113. 1,‘ 157, 115, 221, 555, 151, 511,907, 971,
Sync ius, 1. 725.
Syrus Iulerprvs. ῐ, 11, 71973, .1101.
T
Tabula? XII. I, 779. 11. 128.
Tarquitius, [5160, 895.
895. 897. 11, 750.
Tauhmannus, ll. 607. 696.
Τρνρηιίιικ, 1, 116. 1119, 205, 21s. 299. 51,2 551. 51:1,
557, 535. 1119, 152. 159, 576, 576, 585. 625, 759, 819,896,
910, 927. 11,’25. 27, 203,211, 591, .111, 509,529. 512.
565, 617, 669, 681, 718,759,711, 765,771, 782, 797,
801. 810, 851.
71.911111111111151. 122,121, 155, 151, 1611.161. 166, 181,
ﬁt}. 156, 162. 1111,1117. 172,171,177; 166, 188, 501, 59:1,
506, 510,511. 515. 517, 528. 552, 555'. 512, 5118.575. 577,
{170, 579', 5112. 590. 59.1", 599, 600; 11112. 605. 618, 655, 675.
[1115, 651, 11911, 7115. 707. 7118, 710, 712, 715, 716, 725, 722.
491, 499, 500, 505, 5'55, 5'17, P118. 116."). 595. 5197.691, 602,
1505,1109, 615, 617, 611, 629, 651, 1135,0511, 667, 1170, 01111,
703.7706. 735, 717, 79⁸. 806.
ﬂuuium}, 509.11, 611).
T/wmislius. Π, 175, 177.
Theocritus. 1,. 162, 13R. Il. 551.
Theocriti Scholiaues. 1, 555. ΙΙ, 550. 551.
55: 95959111139117: 995.1111111."?1112711."9,33,19,19,?12}
Theodorus Cantarus, 1,169.
