1159
Παιιιξηαηιίιιε, 1, 396.
Β1εΙίὶηδοιι, Ι, 188.
Dio βΙινῃδοζςιοηηὶδ, 11, 496, 997.
ρξοῐηείζεε, Il, 62, 101, 121, 191.
Ρίοιεεμίῃξίιίιεπαίιάνίήιω, 1, 890, 911.926. 959, 912,973,
Dodwellus, II, 219, ς250, 505. 318, 521, 522, 576, “0,
675, 676, 681, 700, 701, 707. 710, 722. 725, 750, 732, 712,
110m (πῑαηᾱεσιέθε ῐεὲωεῑῦθι
Βνιιδίαὲ, Ι, 137, 526,171. 172, 501.
ᾓῶἑῖῖἇδζίζῇέ ξ9112ἶ
Ε
E11113 σνειωιςίδ, 1, 233, 426, 427, 913, 953.
575, 708, 801. Ι1,89, 311-, 409.
ὶῖηῇεἷίοξῖεέζ Ϊ,’ἔ2ὒ.929ἶ ἱῘξ69.
Ενιιδηιαξ (ρεὲίάετὶιιδ), Ι, 272, 299, 560. 379, 116, 452,
Brguoslhenes. 1, 112. 5511, 125. 11, 505.
Esdras. Ι, 170, .176. 507. 785. ΙΙ, 610-
ιέεεᾳτιε (_ngimys δῖε), Ι, 822.
ἔδαιεναὶιίίῑςνν ι-
εαοῃεγξιιε, 71, 351, 71111.

David praphem
1007. 11. 397, 128, 596, 801.
pausquius, «1.7101113111121113. 11. 227, 411, 725, 759, 710.
putem ponii/imm, 1, 661, 1015.
De Dieu (Ludovicus), Ι, 501.
Demetrius, 1, .152).
Demoslhmzes, 1, ‘217, 661.
Dempslerus. '1, '135, '111, 203, 207, 217, 221, 226, 223,
231. 237. 11, 461.
ΠίαΙοαυς de claris Oratoribus, ΙΙ, 569.
Dictys ϐνὲιεὶιδὶδ, 1. 4.11. 11, 798.
Didgmus, 1, 218', 219, 028.
Diges1a, 11. 308, 337, 736.
D10 11mins, 1,137,221, 333,618,902,959.11, 199,
329, 395,103, 108’, .109", 113,116.152, 159, 168, 171,175,
517,518. 536, 578, 793, 687, 803.
. Diodorulé Siculus,'1,157,159,160, 161, 163,171,180.
187,200.3137273211215237,213, '2'1'8'. 270'. 3'11; ἐξὲξ
387, 126, 472, 621; 622, 786, 787; 891. 893, 699, 900, 903,
907,908, 920.7930, 935: 11, 182, 556, 697.
Diodorus Tharsensis. Ι, 951,913.
Diogenes. 1.7 669. 11, 61.
1013. 11. 182, 533.
Dionysius Halicarmsseus, 1. 113, 145, 181, 19ἴ1, 900,
2111, 226, 230, 2.36, 211, 213', 216, 280, 288, 290, 291.
613, 662, 663, 891. 892,899, 901. 9‘01, 907, 920, 921, 941,
11, 64, 253,918,501, 502,796.
Discorides, 1. 727, 1000.
419, 152, 476, 577. 585, 626, 613. 615. 647, 11111, 658, 671,
745, 746, 773, 786, 787, 788. 792, 795. el passim infra.
Donatus, 1, 712, 727. Π, 595, 585, 661.
Βοηὶιιις (Joannes-Bapt.), ll, 516.Dorotheus. 1. 159.
IIS. 1. 453.
376377.22 7.776.737... ,
Duug (1011717188), Vidi Scal.
Dupin‘mlias), 1. 117.
Dumndus, Ι, 956, 937, 9311, 973.
Duramius (Iacobus), Ι, 989ζ
Egesippus, Vi_d. Hegesippusj
Elius map/18111, 1.
Elmaillofsthiné (Gebharlus), 1, 119, 121, 152, 151, 1531.
155, 157, 159, 160; 162, 165.206, 211, 256', 492, 198', 1117,
Εηῂίηε, Ι, 171, 178, 182, 189, 190, 201, 311, 252, 518,
580.11, 35,111,101, 668,756.
Ephrem (5.), 1.
Epidelus, 1,120, 132, 222, 419, 6114. 726.
Ερἰῃνηδ, 1,120,316, 398,103, '131, 736, 778, 915, 919.
11:61:37,727, T261
ευίριιηηίιιε (8.), 1. 119. 131, 137,165,169,171,176,
178; 217. 273, 2112, 320. 327, 331', 336, 356, 359, 363, 381,
105, 118, 421, 159,177,180, 484, 317, 521. 642, 555, 638,
741, 748, 781, 800, 896, 899', 917. 923, 928. 939, 968, 975,
{97: 1761.719539;"1733311117315;
Epiphanius scholasticus. 11, 555, 548.
131, 521, 688, 903, 969. n, 9. 10, 11, 27, 13, 52, 392.
731133123,”11'."'110, 173,903.
Esaias propheta , 1. 127, 427. 152. 477, 179.180, 491,
183, 464, 185, 4112, 4118, 500, 506, 507,516, 539. 611, 612,
667, 7114, 809,810, 811,911, 951,970,937,1011.
Euius, 1, 235, 331.
Evagriqs, 1,7622. 915.711, 685.
Eugippius, ι, 809;
Freculphm, II, 588.11
